Median-based representative molecule:
SMILES: CC1=NOC(COCC(=O)NC2CC3(CCN(C(=O)C4=NC(C)=NN4C)CC3)OC3=CC=CC=C32)=N1
PCA Coordinates: {'PCA_1': 15.445199607415192, 'PCA_2': 9.860346241567877, 'PCA_3': 5.550961890264518}



...
116848
85584
53378
45525
45526
14339
77785
61160
22115
101213
101214
124666
37683
29905
109049
93396
93397
69966
116849
85585
85586
53379
45527
14340
77786
61161
22116
22117
101215
124667
37684
29906
29907
109050
93398
69967
116850
85587
53380
53381
45528
14341
77787
77788
61162
22118
101216
124668
37685
29908
93399
109051
69968
116851
53382
85588
45529
14342
14343
77789
61163
22119
101217
124669
37686
37687
29909
93400
109052
69969
69970
116852
116853
53383
85589
45530
14344
77790
61164
61165
22120
101218
124670
124671
37688
29910
93401
109053
109054
69971
116854
53384
85590
85591
45531
45532
14345
77791
61166
22121
101219
124672
37689
29911
93402
93403
69972
109055
116855
53385
53386
85592
45533
14346
77792
77793
61167
22122
22123
101220
101221
124673
37690
29912
29913
93404
69973
109056
116856
53387
85593
45534
14347
77794
61168
22124
124674
101222
37691
29914
93405
69974
109057
116857
116858
53388
85594
45535
14348
14349
77795
61169
22125
124675
101223
37692
37693
29915
93406
69975
69976
109058
116859
53389
85595
45536
45537
14350
61170
61171
77796
22126
124676
124677
101224
37694
29916
93407
69977
109059
109060
116860
53390
53391
85596
85597
45538
14351
61172
77797
22127
124678
101225
37695
29917
29918
93408
93409
69978
109061
116861
53392
85598
45539
14352
61173
77798
77799
22128
22129
124679
101226
37696
29919
93410
69979
109062
116862
116863
53393
85599
14353
45540
61174
124680
101227
101228
77800
37697
37698
22130
29920
93411
69980
109063
116864
53394
85600
14354
14355
45541
61175
124681
101229
77801
37699
22131
29921
93412
69981
69982
109064
116865
53395
53396
85601
85602
14356
45542
45543
61176
61177
124682
124683
101230
77802
37700
22132
29922
93413
93414
69983
109065
109066
116866
53397
85603
14357
45544
61178
124684
101231
77803
22133
29923
29924
37701
93415
69984
109067
116867
53398
85604
14358
45545
61179
124685
101232
77804
77805
22134
22135
29925
37702
93416
69985
109068
116868
116869
53399
85605
14359
45546
61180
124686
101233
101234
77806
22136
29926
37703
37704
93417
69986
109069
116870
53400
53401
85606
14360
14361
45547
61181
124687
124688
101235
77807
22137
37705
29927
93418
69987
109070
116871
53402
85607
85608
14362
45548
45549
61182
61183
124689
101236
77808
22138
37706
29928
29929
93419
93420
69988
69989
109071
109072
116872
53403
85609
14363
45550
61184
124690
101237
77809
77810
22139
22140
37707
29930
93421
69990
109073
116873
116874
53404
85610
45551
14364
124691
61185
101238
77811
22141
37708
29931
93422
69991
109074
116875
53405
53406
85611
45552
14365
14366
124692
61186
101239
77812
22142
37709
37710
93423
69992
29932
109075
116876
53407
85612
85613
45553
14367
124693
124694
61187
101240
101241
77813
22143
37711
93424
93425
69993
29933
109076
116877
53408
85614
45554
45555
14368
124695
61188
61189
101242
77814
22144
37712
93426
69994
69995
29934
29935
109077
109078
116878
53409
85615
45556
14369
124696
61190
101243
77815
77816
22145
22146
37713
93427
69996
29936
109079
53410
53411
116879
116880
85616
45557
14370
124697
61191
101244
77817
22147
37714
37715
93428
29937
109080
53412
116881
85617
45558
14371
14372
124698
61192
101245
77818
22148
37716
93429
29938
70000
109081
53413
116882
85618
85619
45559
14373
124699
124700
61193
101246
77819
22149
37717
93430
93431
29939
70001
70002
109082
109083
53414
116883
85620
45560
45561
14374
124701
61194
61195
101247
101248
77820
77821
22150
37718
93432
29940
29941
70003
109084
53415
116884
116885
85621
45562
14375
124702
61196
101249
77822
22151
22152
37719
93433
29942
70004
109085
53416
53417
116886
85622
45563
14376
124703
61197
101250
77823
22153
37720
37721
93434
29943
70005
109086
53418
116887
85623
85624
45564
14377
14378
124704
124705
61198
101251
77824
22154
37722
93435
93436
70006
29944
109087
53419
116888
85625
45565
124706
61199
101252
22155
77825
37723
14379
93437
70007
70008
29945
29946
109088
109089
53420
116889
85626
124707
45566
45567
61200
61201
22156
77826
77827
101253
101254
14380
37724
93438
70009
29947
109090
53421
53422
116890
116891
85627
124708
45568
61202
77828
22157
22158
14381
101255
37725
37726
93439
70010
29948
53423
109091
85628
124709
116892
45569
61203
77829
14382
22159
101256
37727
93440
70011
29949
53424
109092
124710
124711
85629
85630
116893
45570
61204
77830
14383
14384
22160
101257
37728
93441
93442
70012
70013
29950
53425
109093
124712
85631
116894
45571
61205
77831
14385
22161
101258
37729
93443
70014
29951
29952
53426
53427
109094
109095
124713
85632
116895
116896
45572
45573
61206
61207
77832
77833
14386
22162
22163
101259
37730
93444
70015
29953
53428
109096
124714
85633
116897
45574
61208
77834
14387
22164
101260
101261
37731
37732
93445
70016
29954
53429
109097
124715
85634
85635
116898
45575
61209
77835
14388
22165
101262
37733
70017
93446
93447
29955
53430
109098
124716
124717
85636
116899
45576
61210
77836
14389
14390
101263
22166
37734
70018
70019
93448
29956
29957
53431
53432
109099
124718
85637
116900
45577
77837
77838
61211
61212
14391
101264
22167
37735
70020
93449
29958
53433
109100
109101
124719
85638
116901
116902
45578
45579
77839
61213
14392
101265
22168
22169
37736
70021
93450
29959
53434
109102
124720
85639
116903
45580
77840
61214
14393
101266
22170
37737
37738
70022
93451
29960
53435
109103
124721
85640
85641
116904
45581
77841
61215
14394
101267
101268
22171
37739
70023
93452
93453
29961
53436
53437
109104
124722
124723
85642
116905
45582
77842
61216
14395
14396
101269
22172
37740
70024
70025
93454
29962
29963
53438
109105
124724
85643
116906
116907
45583
77843
77844
61217
61218
14397
101270
22173
37741
70026
93455
29964
53439
109106
109107
124725
85644
116908
45584
45585
77845
61219
14398
101271
22174
22175
37742
37743
70027
93456
29965
53440
109108
124726
85645
85646
116909
45586
77846
61220
14399
101272
22176
37744
70028
93457
93458
29966
53441
53442
109109
124727
124728
85647
116910
45587
77847
61221
14400
101273
101274
22177
37745
70029
70030
93459
29967
29968
53443
109110
124729
85648
116911
45588
77848
77849
61222
14401
14402
101275
22178
37746
70031
93460
29969
53444
109111
124730
85649
116912
116913
45589
77850
61223
61224
14403
101276
22179
22180
37747
70032
93461
29970
53445
109112
109113
124731
85650
116914
45590
45591
77851
61225
14404
101277
22181
37748
37749
70033
93462
29971
53446
53447
109114
124732
85651
85652
116915
45592
77852
61226
14405
101278
22182
37750
70034
93463
93464
29972
53448
109115
124733
124734
85653
116916
45593
77853
61227
14406
101279
22183
37751
70035
70036
93465
29973
29974
53449
109116
124735
85654
116917
116918
45594
77854
77855
61228
14407
14408
101280
101281
22184
37752
70037
93466
29975
53450
109117
109118
124736
85655
116919
45595
77856
61229
61230
14409
101282
22185
22186
37753
37754
70038
93467
29976
53451
53452
109119
124737
85656
85657
116920
45596
45597
77857
61231
14410
101283
22187
37755
70039
93468
93469
29977
53453
109120
124738
85658
116921
45598
77858
61232
14411
101284
22188
37756
70040
93470
29978
53454
109121
124739
124740
85659
116922
45599
77859
61233
14412
101285
22189
37757
70041
70042
93471
29979
29980
53455
109122
124741
85660
116923
116924
45600
77860
77861
61234
14413
14414
101286
22190
37758
93472
70043
29981
53456
53457
109123
109124
124742
85661
116925
45601
77862
61235
61236
14415
101287
101288
22191
22192
37759
37760
93473
70044
29982
53458
109125
124743
85662
85663
116926
45602
45603
77863
61237
14416
101289
22193
37761
93474
93475
70045
29983
53459
109126
124744
85664
116927
45604
77864
61238
14417
101290
22194
37762
93476
70046
70047
29984
29985
53460
109127
124745
124746
85665
116928
116929
45605
77865
77866
61239
14418
101291
22195
37763
93477
70048
29986
53461
53462
109128
124747
85666
116930
45606
77867
61240
14419
14420
101292
22196
37764
93478
70049
29987
53463
109129
109130
124748
85667
85668
116931
45607
77868
61241
61242
14421
101293
22197
22198
37765
37766
93479
93480
70050
29988
53464
124749
109131
85669
116932
45608
45609
77869
61243
14422
101294
101295
22199
37767
93481
70051
29989
53465
124750
124751
109132
85670
116933
45610
77870
61244
14423
101296
22200
37768
93482
70052
70053
29990
29991
53466
53467
124752
109133
85671
116934
116935
45611
77871
77872
14424
61245
101297
22201
37769
93483
70054
29992
53468
124753
109134
85672
85673
116936
45612
77873
14425
14426
61246
101298
22202
22203
37770
37771
93484
70055
29993
53469
124754
109135
109136
85674
116937
45613
77874
14427
61247
61248
101299
22204
37772
93485
93486
70056
29994
53470
124755
109137
85675
116938
45614
45615
77875
14428
61249
101300
101301
22205
37773
93487
70057
29995
29996
53471
53472
124756
124757
109138
85676
116939
116940
45616
77876
77877
14429
61250
101302
22206
37774
93488
70058
70059
29997
53473
124758
109139
85677
116941
45617
77878
14430
61251
101303
22207
37775
93489
70060
29998
53474
124759
109140
85678
85679
116942
45618
77879
14431
14432
61252
101304
22208
22209
37776
37777
93490
93491
70061
29999
53475
124760
109141
109142
85680
116943
45619
77880
14433
61253
61254
101305
22210
37778
93492
70062
30000
53476
53477
124761
109143
85681
116944
45620
45621
77881
14434
61255
101306
22211
37779
93493
70063
70064
30001
30002
53478
124762
124763
109144
85682
116945
116946
45622
77882
77883
14435
61256
101307
101308
22212
37780
93494
70065
30003
53479
124764
109145
85683
85684
116947
45623
77884
14436
61257
101309
22213
37781
37782
93495
70066
30004
124765
53480
109146
85685
116948
45624
77885
14437
14438
61258
101310
22214
22215
37783
93496
93497
70067
30005
53481
53482
124766
109147
109148
85686
116949
45625
77886
14439
61259
61260
101311
22216
37784
93498
70068
30006
53483
124767
109149
85687
116950
116951
45626
45627
77887
77888
14440
61261
101312
22217
37785
93499
70069
70070
30007
30008
53484
124768
124769
109150
85688
116952
45628
77889
14441
61262
101313
22218
37786
93500
70071
30009
53485
124770
109151
85689
85690
116953
45629
77890
14442
61263
101314
101315
22219
37787
37788
93501
93502
70072
30010
53486
53487
124771
109152
109153
85691
116954
77891
45630
14443
14444
61264
101316
22220
22221
37789
93503
70073
30011
53488
124772
109154
85692
116955
77892
45631
14445
61265
61266
22222
101317
37790
93504
70074
70075
30012
124773
124774
109155
85693
116956
116957
53489
77893
77894
45632
45633
14446
61267
22223
101318
37791
93505
70076
30013
30014
124775
109156
85694
85695
116958
53490
77895
45634
14447
61268
22224
101319
37792
37793
93506
70077
30015
124776
109157
85696
116959
53491
53492
77896
45635
14448
61269
22225
22226
101320
101321
37794
30016
124777
70078
109158
109159
93507
93508
85697
116960
53493
77897
45636
14449
14450
61270
22227
101322
37795
30017
124778
70079
109160
93509
85698
53494
77898
45637
14451
116961
116962
61271
61272
22228
101323
37796
30018
30019
124779
124780
70080
70081
109161
93510
53495
85699
77899
77900
45638
45639
14452
116963
61273
22229
101324
37797
30020
124781
70082
109162
93511
53496
53497
85700
85701
77901
45640
14453
116964
61274
22230
101325
37798
37799
30021
124782
70083
109163
93512
93513
53498
85702
77902
45641
14454
116965
61275
22231
22232
101326
37800
30022
124783
70084
109164
109165
93514
53499
85703
77903
45642
116966
14455
14456
61276
61277
22233
101327
101328
37801
30023
124784
70085
109166
93515
53500
85704
77904
77905
45643
45644
116967
116968
14457
61278
22234
101329
37802
30024
30025
124785
124786
70086
70087
109167
93516
53501
53502
85705
85706
77906
45645
116969
14458
61279
22235
101330
37803
30026
124787
70088
109168
93517
53503
85707
77907
45646
14459
116970
61280
22236
101331
37804
37805
30027
124788
70089
109169
93518
93519
53504
85708
77908
45647
14460
116971
61281
22237
22238
101332
37806
30028
124789
70090
109170
109171
93520
53505
85709
77909
45648
14461
14462
116972
116973
61282
61283
22239
101333
30029
124790
70091
70092
109172
37807
93521
53506
53507
85710
77910
77911
45649
45650
14463
116974
61284
22240
30030
30031
124791
124792
70093
101334
101335
109173
93522
37808
53508
77912
85711
85712
14464
45651
116975
22241
61285
30032
124793
70094
101336
109174
93523
37809
37810
53509
77913
85713
14465
45652
116976
22242
61286
30033
124794
70095
101337
109175
93524
93525
37811
53510
77914
85714
14466
45653
116977
22243
22244
61287
30034
124795
70096
101338
109176
109177
93526
37812
53511
53512
85715
14467
14468
77915
77916
45654
116978
116979
22245
30035
124796
124797
61288
61289
70097
70098
101339
109178
93527
37813
85716
85717
53513
14469
77917
45655
45656
116980
22246
30036
30037
124798
61290
70099
101340
101341
109179
93528
37814
85718
53514
14470
45657
77918
116981
22247
30038
124799
61291
70100
101342
109180
93529
93530
37815
37816
53515
14471
45658
85719
77919
116982
22248
22249
30039
124800
61292
70101
101343
109181
93531
37817
53516
53517
14472
45659
85720
77920
116983
116984
22250
30040
124801
61293
70102
101344
109182
109183
93532
37818
53518
14473
14474
85721
116985
77921
77922
22251
45660
30041
124802
124803
61294
61295
70103
70104
101345
109184
93533
37819
53519
14475
85722
85723
116986
77923
22252
45661
45662
30042
30043
124804
61296
70105
101346
109185
93534
37820
37821
14476
85724
53520
116987
77924
22253
45663
30044
124805
61297
70106
101347
101348
109186
93535
93536
37822
85725
14477
53521
77925
116988
22254
22255
45664
30045
124806
61298
70107
101349
93537
109187
109188
37823
85726
14478
53522
53523
77926
116989
116990
22256
30046
45665
124807
61299
70108
70109
101350
93538
109189
37824
85727
85728
14479
14480
53524
77927
77928
116991
22257
30047
45666
124808
124809
61300
61301
70110
101351
93539
109190
37825
85729
14481
53525
77929
116992
22258
30048
30049
45667
45668
124810
61302
70111
101352
93540
93541
109191
37826
37827
85730
53526
14482
77930
116993
22259
30050
45669
124811
61303
70112
101353
93542
109192
37828
85731
14483
53527
53528
77931
116994
116995
22260
22261
45670
30051
124812
61304
70113
101354
101355
93543
109193
109194
37829
85732
14484
53529
77932
77933
116996
22262
45671
30052
124813
61305
70114
70115
101356
93544
109195
37830
85733
85734
14485
14486
53530
77934
116997
22263
45672
30053
124814
124815
61306
61307
70116
101357
93545
109196
37831
85735
53531
77935
14487
116998
22264
45673
45674
30054
30055
124816
61308
70117
101358
93546
93547
109197
37832
37833
85736
53532
53533
77936
14488
116999
117000
22265
45675
30056
124817
61309
101359
70118
109198
93548
85737
37834
53534
77937
14489
117001
22266
22267
45676
30057
124818
61310
101360
101361
70119
109199
109200
93549
85738
85739
37835
53535
77938
77939
14490
117002
22268
45677
30058
124819
124820
61311
101362
70120
70121
109201
93550
85740
37836
53536
77940
14491
14492
117003
22269
45678
30059
30060
124821
61312
61313
101363
70122
109202
93551
93552
85741
37837
37838
53537
53538
77941
14493
117004
22270
45679
45680
30061
124822
61314
101364
70123
109203
93553
85742
37839
53539
77942
14494
117005
117006
22271
22272
45681
30062
124823
61315
101365
70124
109204
93554
85743
37840
53540
77943
77944
14495
117007
22273
45682
30063
124824
61316
101366
70125
70126
109205
109206
93555
85744
85745
37841
53541
77945
14496
117008
22274
45683
30064
124825
124826
101367
101368
61317
70127
109207
93556
85746
37842
53542
53543
77946
14497
14498
117009
22275
45684
30065
30066
124827
101369
61318
61319
70128
109208
93557
93558
85747
37843
37844
53544
77947
14499
117010
117011
22276
45685
45686
30067
124828
101370
61320
70129
109209
93559
85748
37845
53545
77948
14500
22277
22278
117012
45687
124829
30068
101371
61321
70130
109210
93560
85749
85750
37846
53546
77949
77950
14501
22279
117013
45688
124830
30069
101372
61322
70131
70132
109211
109212
93561
85751
53547
53548
37847
77951
14502
22280
117014
45689
124831
124832
30070
101373
61323
70133
109213
93562
93563
85752
53549
37848
37849
77952
14503
14504
22281
117015
124833
45690
30071
30072
101374
101375
61324
61325
70134
109214
93564
85753
53550
37850
77953
14505
22282
117016
117017
124834
45691
45692
30073
101376
61326
70135
109215
93565
85754
53551
37851
77954
77955
22283
22284
14506
117018
124835
45693
30074
101377
61327
70136
109216
93566
53552
53553
85755
85756
37852
22285
77956
14507
117019
124836
45694
30075
101378
61328
70137
70138
109217
109218
93567
53554
85757
37853
22286
77957
14508
117020
124837
124838
45695
30076
101379
70139
61329
109219
93568
93569
53555
85758
37854
37855
22287
77958
14509
14510
117021
117022
124839
45696
101380
30077
30078
70140
61330
61331
109220
93570
85759
53556
37856
22288
22289
77959
14511
117023
124840
45697
45698
101381
101382
30079
70141
61332
109221
85760
85761
93571
53557
53558
37857
22290
117024
77960
77961
14512
124841
45699
101383
30080
70142
70143
61333
109222
85762
93572
53559
37858
22291
117025
77962
14513
101384
124842
124843
30081
45700
85763
61334
93573
93574
70144
53560
109223
109224
37859
37860
22292
117026
77963
14514
14515
101385
124844
30082
45701
61335
93575
85764
70145
53561
37861
109225
22293
117027
117028
77964
14516
101386
30083
30084
124845
45702
61336
61337
93576
85765
70146
53562
53563
37862
109226
22294
22295
117029
77965
14517
101387
101388
30085
124846
45703
45704
61338
93577
85766
85767
70147
53564
37863
109227
22296
117030
77966
77967
14518
101389
30086
124847
45705
61339
93578
85768
70148
70149
53565
37864
109228
109229
22297
117031
77968
14519
101390
30087
124848
124849
45706
61340
93579
93580
85769
70150
53566
109230
37865
37866
22298
117032
117033
77969
14520
14521
101391
30088
124850
45707
61341
61342
93581
85770
70151
53567
53568
109231
37867
22299
117034
77970
14522
101392
30089
30090
124851
45708
61343
93582
85771
85772
70152
53569
109232
37868
22300
22301
117035
77971
77972
14523
101393
30091
124852
45709
45710
93583
61344
70153
85773
53570
37869
109233
22302
117036
77973
14524
101394
101395
30092
124853
45711
93584
93585
61345
70154
70155
85774
53571
37870
109234
109235
22303
117037
77974
14525
101396
30093
124854
124855
45712
93586
61346
70156
85775
53572
53573
37871
37872
109236
22304
117038
117039
77975
14526
14527
101397
30094
124856
45713
93587
61347
61348
70157
85776
53574
37873
109237
22305
77976
117040
101398
30095
30096
124857
45714
93588
14528
61349
70158
85777
85778
53575
37874
109238
22306
22307
77977
77978
117041
101399
30097
124858
45715
45716
93589
14529
61350
70159
70160
85779
53576
37875
109239
22308
77979
117042
101400
30098
124859
45717
93590
93591
14530
61351
70161
85780
53577
53578
37876
37877
109240
109241
22309
77980
117043
117044
101401
101402
30099
124860
124861
45718
93592
14531
61352
70162
85781
53579
37878
109242
22310
77981
117045
101403
30100
30101
124862
45719
93593
14532
14533
61353
61354
70163
85782
85783
53580
37879
109243
22311
22312
77982
77983
117046
101404
30102
124863
45720
93594
14534
61355
70164
85784
53581
37880
109244
22313
77984
117047
101405
30103
124864
45721
45722
93595
93596
14535
61356
70165
70166
85785
53582
53583
37881
109245
22314
77985
117048
101406
30104
124865
124866
45723
93597
14536
61357
70167
85786
53584
37882
37883
109246
109247
22315
77986
117049
117050
101407
101408
30105
124867
45724
93598
14537
61358
70168
85787
53585
37884
109248
22316
77987
117051
101409
30106
30107
124868
45725
93599
14538
14539
61359
61360
70169
85788
85789
53586
37885
109249
22317
22318
77988
77989
117052
101410
30108
124869
45726
93600
14540
61361
70170
85790
53587
53588
37886
109250
22319
77990
117053
101411
30109
124870
45727
45728
93601
93602
61362
14541
70171
70172
85791
53589
37887
37888
109251
22320
77991
117054
117055
101412
30110
124871
124872
45729
93603
61363
14542
70173
53590
85792
37889
109252
109253
22321
77992
117056
101413
30111
124873
45730
93604
61364
14543
70174
53591
85793
85794
37890
109254
22322
77993
117057
101414
101415
30112
30113
124874
45731
93605
61365
61366
14544
14545
70175
53592
53593
85795
109255
37891
22323
22324
77994
77995
117058
101416
30114
124875
45732
93606
93607
61367
14546
70176
70177
53594
85796
109256
37892
22325
77996
117059
101417
30115
124876
45733
45734
93608
61368
14547
70178
53595
85797
109257
37893
37894
22326
77997
117060
117061
101418
30116
124877
124878
45735
93609
61369
14548
70179
53596
85798
109258
109259
37895
22327
77998
117062
101419
30117
124879
45736
93610
61370
14549
70180
53597
53598
85799
85800
109260
37896
22328
77999
78000
117063
101420
30118
30119
124880
45737
93611
61371
61372
14550
14551
70181
53599
85801
109261
37897
22329
22330
78001
117064
101421
101422
30120
124881
45738
93612
93613
61373
14552
70182
70183
53600
85802
109262
37898
22331
78002
117065
117066
101423
30121
124882
45739
45740
93614
61374
14553
70184
53601
85803
109263
109264
37899
37900
22332
78003
117067
101424
30122
124883
124884
45741
93615
61375
14554
70185
53602
53603
85804
85805
109265
37901
22333
78004
101425
117068
124885
30123
45742
93616
61376
14555
70186
53604
85806
109266
37902
22334
22335
78005
78006
101426
117069
124886
30124
30125
45743
93617
93618
61377
61378
14556
14557
70187
70188
53605
85807
109267
37903
22336
78007
101427
101428
117070
124887
30126
45744
45745
93619
61379
14558
70189
53606
85808
109268
37904
37905
22337
78008
101429
117071
117072
124888
124889
30127
45746
93620
61380
14559
70190
53607
53608
85809
109269
109270
37906
22338
78009
101430
117073
124890
30128
45747
93621
61381
14560
70191
53609
85810
85811
109271
37907
22339
78010
78011
101431
117074
124891
30129
45748
93622
61382
14561
70192
53610
85812
109272
37908
22340
22341
78012
101432
117075
124892
30130
30131
45749
93623
93624
61383
61384
14562
14563
70193
70194
53611
85813
109273
37909
22342
78013
101433
117076
117077
124893
30132
45750
45751
93625
61385
14564
70195
53612
53613
85814
109274
37910
37911
22343
78014
101434
101435
117078
124894
124895
30133
45752
93626
61386
14565
70196
53614
85815
85816
109275
109276
37912
22344
78015
101436
117079
124896
30134
45753
93627
61387
14566
70197
53615
85817
109277
37913
22345
78016
78017
101437
117080
124897
30135
45754
93628
93629
61388
14567
70198
53616
85818
109278
37914
22346
22347
78018
101438
117081
124898
30136
30137
45755
93630
61389
61390
14568
14569
70199
70200
53617
53618
85819
109279
37915
37916
22348
78019
101439
117082
117083
124899
30138
45756
45757
93631
61391
14570
70201
53619
85820
85821
109280
37917
22349
78020
101440
117084
124900
124901
30139
45758
93632
61392
14571
70202
53620
85822
109281
109282
37918
22350
78021
101441
101442
117085
124902
30140
45759
93633
61393
14572
70203
53621
85823
109283
37919
22351
78022
78023
101443
117086
124903
30141
30142
45760
93634
93635
61394
14573
70204
70205
53622
53623
85824
109284
37920
22352
22353
78024
101444
117087
117088
124904
30143
45761
93636
61395
61396
14574
14575
70206
53624
85825
109285
37921
37922
22354
78025
101445
117089
124905
124906
30144
45762
45763
93637
61397
14576
70207
53625
85826
85827
109286
37923
22355
78026
101446
117090
124907
30145
45764
93638
61398
14577
70208
53626
85828
109287
109288
37924
22356
78027
78028
101447
101448
117091
124908
30146
45765
93639
93640
61399
14578
70209
53627
85829
109289
37925
22357
22358
78029
101449
117092
124909
30147
30148
45766
93641
61400
14579
70210
70211
53628
53629
85830
109290
37926
22359
78030
101450
117093
117094
124910
30149
45767
93642
61401
61402
14580
14581
70212
53630
85831
85832
109291
37927
37928
22360
78031
101451
117095
124911
124912
30150
45768
45769
93643
61403
14582
70213
53631
85833
109292
37929
22361
78032
101452
117096
124913
30151
45770
93644
61404
14583
70214
53632
85834
109293
109294
37930
22362
78033
78034
101453
117097
124914
30152
45771
93645
93646
61405
14584
70215
53633
53634
85835
109295
37931
22363
22364
78035
101454
101455
117098
117099
124915
30153
30154
45772
93647
61406
14585
70216
70217
53635
85836
109296
37932
37933
22365
78036
101456
117100
124916
30155
45773
93648
61407
61408
14586
14587
70218
53636
85837
85838
109297
37934
22366
78037
101457
117101
124917
124918
30156
45774
45775
93649
61409
14588
70219
53637
85839
109298
109299
37935
22367
78038
78039
101458
117102
124919
30157
45776
93650
61410
14589
70220
53638
53639
85840
109300
37936
22368
78040
101459
117103
124920
30158
45777
93651
93652
61411
14590
70221
70222
53640
85841
109301
37937
22369
22370
78041
101460
117104
117105
124921
30159
30160
45778
93653
61412
61413
14591
70223
53641
85842
85843
109302
37938
37939
22371
78042
101461
101462
117106
124922
30161
45779
93654
61414
14592
14593
70224
53642
85844
109303
37940
22372
78043
101463
117107
124923
124924
30162
45780
45781
93655
61415
14594
70225
53643
53644
85845
109304
109305
37941
22373
78044
78045
101464
117108
124925
30163
45782
93656
93657
61416
14595
70226
53645
85846
109306
37942
22374
78046
101465
117109
117110
124926
30164
45783
93658
61417
14596
70227
70228
53646
85847
109307
37943
37944
22375
22376
78047
101466
117111
124927
30165
30166
45784
93659
61418
61419
14597
70229
53647
85848
85849
37945
109308
78048
22377
101467
101468
117112
124928
124929
30167
45785
93660
61420
14598
14599
70230
53648
53649
85850
37946
109309
78049
78050
22378
101469
117113
124930
30168
45786
45787
93661
61421
14600
70231
53650
85851
37947
109310
109311
78051
22379
101470
117114
124931
30169
45788
93662
93663
61422
14601
70232
53651
85852
37948
109312
78052
22380
22381
101471
117115
117116
124932
30170
45789
93664
61423
14602
70233
70234
53652
85853
85854
37949
37950
109313
78053
22382
101472
117117
124933
30171
30172
45790
93665
61424
61425
14603
70235
53653
53654
85855
37951
109314
78054
22383
101473
117118
124934
124935
30173
45791
93666
61426
14604
14605
70236
53655
85856
37952
109315
78055
78056
22384
101474
101475
117119
124936
30174
45792
45793
93667
93668
61427
14606
70237
53656
85857
37953
109316
109317
78057
22385
101476
117120
117121
124937
30175
45794
93669
61428
14607
70238
70239
53657
85858
37954
37955
109318
78058
22386
22387
101477
117122
124938
30176
45795
93670
61429
14608
70240
53658
53659
85859
85860
37956
109319
78059
22388
101478
117123
124939
30177
30178
45796
93671
61430
61431
14609
70241
53660
85861
37957
109320
78060
22389
101479
117124
124940
124941
30179
45797
93672
61432
14610
14611
70242
53661
85862
37958
109321
78061
78062
22390
101480
117125
124942
30180
45798
45799
93673
93674
61433
14612
70243
53662
85863
37959
109322
109323
78063
22391
101481
101482
117126
117127
124943
30181
45800
93675
61434
14613
70244
70245
53663
53664
85864
85865
37960
37961
109324
78064
22392
22393
101483
117128
124944
30182
30183
45801
93676
61435
14614
70246
53665
85866
37962
109325
78065
22394
101484
117129
124945
30184
45802
93677
61436
61437
14615
70247
53666
85867
37963
109326
78066
78067
22395
101485
117130
124946
124947
30185
45803
93678
93679
61438
14616
14617
70248
53667
85868
37964
109327
78068
22396
101486
117131
117132
124948
30186
45804
45805
93680
61439
14618
70249
53668
53669
85869
37965
109328
109329
78069
22397
22398
101487
117133
124949
30187
45806
93681
61440
14619
70250
70251
53670
85870
85871
37966
37967
109330
78070
22399
101488
101489
117134
124950
30188
30189
45807
93682
61441
14620
70252
53671
85872
37968
109331
78071
22400
101490
117135
124951
124952
30190
45808
93683
61442
61443
14621
70253
53672
85873
37969
109332
78072
78073
22401
101491
117136
117137
124953
30191
45809
93684
93685
61444
14622
14623
70254
53673
53674
85874
37970
109333
109334
78074
22402
101492
117138
124954
30192
45810
45811
93686
61445
14624
70255
70256
53675
85875
85876
37971
37972
109335
78075
22403
22404
101493
117139
124955
30193
45812
93687
61446
14625
70257
53676
85877
37973
109336
78076
22405
101494
101495
117140
124956
30194
30195
45813
93688
61447
14626
70258
53677
85878
37974
109337
78077
78078
22406
101496
117141
124957
124958
30196
45814
93689
93690
61448
61449
14627
70259
53678
53679
85879
37975
109338
78079
22407
101497
117142
117143
124959
30197
45815
93691
61450
14628
14629
70260
53680
85880
37976
109339
109340
78080
22408
101498
117144
124960
30198
45816
45817
93692
61451
14630
70261
70262
53681
85881
85882
37977
37978
109341
78081
22409
22410
101499
117145
124961
30199
45818
93693
61452
14631
70263
53682
85883
37979
109342
78082
22411
101500
117146
124962
30200
30201
45819
93694
61453
14632
70264
53683
53684
85884
37980
109343
78083
78084
22412
101501
101502
117147
117148
124963
124964
30202
45820
93695
93696
61454
61455
14633
70265
53685
85885
37981
109344
78085
22413
101503
117149
124965
30203
45821
93697
61456
14634
14635
70266
53686
85886
85887
37982
37983
109345
109346
78086
22414
101504
117150
124966
30204
45822
45823
93698
61457
14636
70267
70268
53687
85888
37984
109347
78087
22415
22416
101505
117151
124967
30205
45824
93699
61458
14637
70269
53688
53689
85889
37985
109348
78088
22417
101506
117152
124968
30206
30207
45825
93700
93701
61459
14638
70270
53690
85890
37986
109349
78089
78090
22418
101507
117153
117154
124969
124970
30208
45826
93702
61460
61461
14639
70271
53691
85891
37987
109350
78091
22419
101508
101509
117155
124971
30209
45827
93703
61462
14640
14641
70272
70273
53692
85892
85893
37988
37989
109351
109352
78092
22420
22421
101510
117156
124972
30210
45828
45829
93704
61463
14642
70274
53693
53694
85894
37990
109353
78093
22422
101511
117157
124973
45830
30211
61464
93705
70275
14643
53695
85895
37991
109354
22423
78094
78095
101512
117158
117159
124974
124975
45831
30212
30213
61465
93706
93707
70276
14644
53696
85896
37992
109355
22424
78096
101513
117160
124976
30214
45832
61466
61467
93708
53697
70277
14645
85897
85898
37993
109356
22425
78097
117161
124977
101514
101515
30215
45833
93709
53698
53699
61468
70278
70279
14646
14647
85899
37994
37995
22426
22427
109357
109358
78098
124978
101516
117162
30216
45834
45835
93710
53700
61469
70280
14648
85900
37996
109359
78099
22428
124979
101517
117163
30217
45836
93711
93712
53701
61470
70281
14649
85901
37997
109360
78100
78101
22429
124980
124981
101518
117164
117165
30218
30219
45837
93713
53702
61471
70282
14650
85902
37998
109361
78102
22430
124982
101519
117166
30220
45838
93714
53703
53704
61472
61473
70283
14651
85903
85904
37999
38000
109362
78103
22431
124983
101520
117167
30221
45839
93715
53705
61474
70284
70285
14652
14653
85905
38001
109363
109364
78104
22432
22433
124984
101521
101522
117168
30222
45840
45841
93716
53706
61475
70286
14654
85906
38002
109365
78105
78106
22434
124985
101523
117169
117170
30223
30224
45842
93717
93718
53707
61476
70287
14655
85907
38003
109366
78107
22435
124986
124987
101524
117171
30225
45843
93719
53708
53709
61477
61478
70288
14656
85908
85909
38004
109367
78108
22436
124988
101525
117172
30226
45844
93720
53710
61479
70289
70290
14657
85910
38005
38006
109368
78109
22437
124989
101526
117173
30227
45845
93721
53711
61480
70291
14658
14659
85911
38007
109369
109370
78110
22438
22439
124990
101527
117174
30228
45846
45847
93722
93723
53712
61481
70292
14660
85912
38008
109371
78111
78112
22440
124991
101528
101529
117175
117176
30229
30230
45848
93724
53713
53714
61482
70293
14661
85913
38009
109372
78113
22441
124992
124993
101530
117177
30231
45849
93725
53715
61483
61484
70294
14662
85914
85915
38010
38011
109373
78114
22442
124994
101531
117178
30232
45850
93726
53716
61485
70295
70296
14663
14664
85916
38012
109374
109375
78115
22443
22444
101532
124995
117179
30233
45851
45852
93727
53717
61486
70297
14665
85917
38013
109376
78116
22445
101533
124996
117180
117181
45853
93728
93729
53718
61487
70298
14666
85918
38014
109377
78117
78118
22446
101534
101535
124997
124998
117182
45854
61488
70299
14667
85919
85920
38015
109378
22447
101536
124999
117183
45855
61489
70300
14668
85921
38016
38017
109379
22448
101537
117184
85922
109380
22449
117185